9999
21,50,46,50,91,90,43,flws,29
29,25,23,50,0,50,29,pih,0
21,50,23,0,0,20,1,vnet,29
54,50,31,0,0,30,29,cafd,14
36,0,15,7,0,30,21,turn,0
14,25,31,64,0,60,56,eght,43
21,0,69,75,0,40,76,fccy,0
43,25,62,71,0,40,36,jobs,57
21,25,15,71,0,20,56,twou,29
29,40,77,68,0,40,73,srce,14
56,100,31,18,0,50,59,avhi,57
57,25,38,0,0,50,28,abil,29
21,40,31,11,0,30,47,abax,57
21,25,31,0,0,20,25,aciu,43
7,25,8,0,0,20,39,axas,14
14,25,31,7,0,20,65,abeo,43
57,25,46,71,56,40,45,abmd,57
36,50,62,71,74,60,47,aaon,71
aaon,16.7
flws,14.5
abmd,146.7
avhi,12.7
srce,14.5
jobs,44.5
aaon
-99
abmd
-137
avhi
23
flws
16
jobs
37
srce
-205
9999
21,50,46,50,91,90,43,flws,29
29,25,23,50,0,50,29,pih,0
21,50,23,0,0,20,1,vnet,29
54,50,31,0,0,30,29,cafd,14
36,0,15,7,0,30,21,turn,0
14,25,31,64,0,60,56,eght,43
21,0,69,75,0,40,76,fccy,0
43,25,62,71,0,40,36,jobs,57
21,25,15,71,0,20,56,twou,29
29,40,77,68,0,40,73,srce,14
56,100,31,18,0,50,59,avhi,57
57,25,38,0,0,50,28,abil,29
21,40,31,11,0,30,47,abax,57
21,25,31,0,0,20,25,aciu,43
7,25,8,0,0,20,39,axas,14
14,25,31,7,0,20,65,abeo,43
57,25,46,71,56,40,45,abmd,57
36,50,62,71,74,60,47,aaon,71
aaon,16.7
flws,14.5
abmd,146.7
avhi,12.7
srce,14.5
jobs,44.5
aaon
-99
abmd
-137
avhi
23
flws
16
jobs
37
srce
-205
9999
21,50,46,50,91,90,43,flws,29
29,25,23,50,0,50,29,pih,0
21,50,23,0,0,20,1,vnet,29
54,50,31,0,0,30,29,cafd,14
36,0,15,7,0,30,21,turn,0
14,25,31,64,0,60,56,eght,43
21,0,69,75,0,40,76,fccy,0
43,25,62,71,0,40,36,jobs,57
21,25,15,71,0,20,56,twou,29
29,40,77,68,0,40,73,srce,14
56,100,31,18,0,50,59,avhi,57
57,25,38,0,0,50,28,abil,29
21,40,31,11,0,30,47,abax,57
21,25,31,0,0,20,25,aciu,43
7,25,8,0,0,20,39,axas,14
14,25,31,7,0,20,65,abeo,43
57,25,46,71,56,40,45,abmd,57
36,50,62,71,74,60,47,aaon,71
aaon,16.7
flws,14.5
abmd,146.7
avhi,12.7
srce,14.5
jobs,44.5
aaon
-99
abmd
-137
avhi
23
flws
16
jobs
37
srce
-205
9999
21,50,46,50,91,90,43,flws,29
29,25,23,50,0,50,29,pih,0
21,50,23,0,0,20,1,vnet,29
54,50,31,0,0,30,29,cafd,14
36,0,15,7,0,30,21,turn,0
14,25,31,64,0,60,56,eght,43
21,0,69,75,0,40,76,fccy,0
43,25,62,71,0,40,36,jobs,57
21,25,15,71,0,20,56,twou,29
29,40,77,68,0,40,73,srce,14
56,100,31,18,0,50,59,avhi,57
57,25,38,0,0,50,28,abil,29
21,40,31,11,0,30,47,abax,57
21,25,31,0,0,20,25,aciu,43
7,25,8,0,0,20,39,axas,14
14,25,31,7,0,20,65,abeo,43
57,25,46,71,56,40,45,abmd,57
36,50,62,71,74,60,47,aaon,71
aaon,16.7
flws,14.5
abmd,146.7
avhi,12.7
srce,14.5
jobs,44.5
aaon
-99
abmd
-137
avhi
23
flws
16
jobs
37
srce
-205
9999
21,50,46,50,91,90,43,flws,29
29,25,23,50,0,50,29,pih,0
21,50,23,0,0,20,1,vnet,29
54,50,31,0,0,30,29,cafd,14
36,0,15,7,0,30,21,turn,0
14,25,31,64,0,60,56,eght,43
21,0,69,75,0,40,76,fccy,0
43,25,62,71,0,40,36,jobs,57
21,25,15,71,0,20,56,twou,29
29,40,77,68,0,40,73,srce,14
56,100,31,18,0,50,59,avhi,57
57,25,38,0,0,50,28,abil,29
21,40,31,11,0,30,47,abax,57
21,25,31,0,0,20,25,aciu,43
7,25,8,0,0,20,39,axas,14
14,25,31,7,0,20,65,abeo,43
57,25,46,71,56,40,45,abmd,57
36,50,62,71,74,60,47,aaon,71
aaon,16.7
flws,14.5
abmd,146.7
avhi,12.7
srce,14.5
jobs,44.5
aaon
-99
abmd
-137
avhi
23
flws
16
jobs
37
srce
-205
9999
21,50,46,50,91,90,43,flws,29
29,25,23,50,0,50,29,pih,0
21,50,23,0,0,20,1,vnet,29
54,50,31,0,0,30,29,cafd,14
36,0,15,7,0,30,21,turn,0
14,25,31,64,0,60,56,eght,43
21,0,69,75,0,40,76,fccy,0
43,25,62,71,0,40,36,jobs,57
21,25,15,71,0,20,56,twou,29
29,40,77,68,0,40,73,srce,14
56,100,31,18,0,50,59,avhi,57
57,25,38,0,0,50,28,abil,29
21,40,31,11,0,30,47,abax,57
21,25,31,0,0,20,25,aciu,43
7,25,8,0,0,20,39,axas,14
14,25,31,7,0,20,65,abeo,43
57,25,46,71,56,40,45,abmd,57
36,50,62,71,74,60,47,aaon,71
aaon,16.7
flws,14.5
abmd,146.7
avhi,12.7
srce,14.5
jobs,44.5
aaon
-99
abmd
-137
avhi
23
flws
16
jobs
37
srce
-205
9999
21,50,46,50,91,90,43,flws,29
29,25,23,50,0,50,29,pih,0
21,50,23,0,0,20,1,vnet,29
54,50,31,0,0,30,29,cafd,14
36,0,15,7,0,30,21,turn,0
14,25,31,64,0,60,56,eght,43
21,0,69,75,0,40,76,fccy,0
43,25,62,71,0,40,36,jobs,57
21,25,15,71,0,20,56,twou,29
29,40,77,68,0,40,73,srce,14
56,100,31,18,0,50,59,avhi,57
57,25,38,0,0,50,28,abil,29
21,40,31,11,0,30,47,abax,57
21,25,31,0,0,20,25,aciu,43
7,25,8,0,0,20,39,axas,14
14,25,31,7,0,20,65,abeo,43
57,25,46,71,56,40,45,abmd,57
36,50,62,71,74,60,47,aaon,71
aaon,16.7
flws,14.5
abmd,146.7
avhi,12.7
srce,14.5
jobs,44.5
aaon
-99
abmd
-137
avhi
23
flws
16
jobs
37
srce
-205
9999
21,50,46,50,91,90,43,flws,29
29,25,23,50,0,50,29,pih,0
21,50,23,0,0,20,1,vnet,29
54,50,31,0,0,30,29,cafd,14
36,0,15,7,0,30,21,turn,0
14,25,31,64,0,60,56,eght,43
21,0,69,75,0,40,76,fccy,0
43,25,62,71,0,40,36,jobs,57
21,25,15,71,0,20,56,twou,29
29,40,77,68,0,40,73,srce,14
56,100,31,18,0,50,59,avhi,57
57,25,38,0,0,50,28,abil,29
21,40,31,11,0,30,47,abax,57
21,25,31,0,0,20,25,aciu,43
7,25,8,0,0,20,39,axas,14
14,25,31,7,0,20,65,abeo,43
57,25,46,71,56,40,45,abmd,57
36,50,62,71,74,60,47,aaon,71
aaon,16.7
flws,14.5
abmd,146.7
avhi,12.7
srce,14.5
jobs,44.5
aaon
-99
abmd
-137
avhi
23
flws
16
jobs
37
srce
-205
9999
21,50,46,50,91,90,43,flws,29
29,25,23,50,0,50,29,pih,0
21,50,23,0,0,20,1,vnet,29
54,50,31,0,0,30,29,cafd,14
36,0,15,7,0,30,21,turn,0
14,25,31,64,0,60,56,eght,43
21,0,69,75,0,40,76,fccy,0
43,25,62,71,0,40,36,jobs,57
21,25,15,71,0,20,56,twou,29
29,40,77,68,0,40,73,srce,14
56,100,31,18,0,50,59,avhi,57
57,25,38,0,0,50,28,abil,29
21,40,31,11,0,30,47,abax,57
21,25,31,0,0,20,25,aciu,43
7,25,8,0,0,20,39,axas,14
14,25,31,7,0,20,65,abeo,43
57,25,46,71,56,40,45,abmd,57
36,50,62,71,74,60,47,aaon,71
aaon,16.7
flws,14.5
abmd,146.7
avhi,12.7
srce,14.5
jobs,44.5
aaon
-99
abmd
-137
avhi
23
flws
16
jobs
37
srce
-205
9999
21,50,46,50,91,90,43,flws,29
29,25,23,50,0,50,29,pih,0
21,50,23,0,0,20,1,vnet,29
54,50,31,0,0,30,29,cafd,14
36,0,15,7,0,30,21,turn,0
14,25,31,64,0,60,56,eght,43
21,0,69,75,0,40,76,fccy,0
43,25,62,71,0,40,36,jobs,57
21,25,15,71,0,20,56,twou,29
29,40,77,68,0,40,73,srce,14
56,100,31,18,0,50,59,avhi,57
57,25,38,0,0,50,28,abil,29
21,40,31,11,0,30,47,abax,57
21,25,31,0,0,20,25,aciu,43
7,25,8,0,0,20,39,axas,14
14,25,31,7,0,20,65,abeo,43
57,25,46,71,56,40,45,abmd,57
36,50,62,71,74,60,47,aaon,71
aaon,16.7
flws,14.5
abmd,146.7
avhi,12.7
srce,14.5
jobs,44.5
aaon
-99
abmd
-137
avhi
23
flws
16
jobs
37
srce
-205
9999
21,50,46,50,91,90,43,flws,29
29,25,23,50,0,50,29,pih,0
21,50,23,0,0,20,1,vnet,29
54,50,31,0,0,30,29,cafd,14
36,0,15,7,0,30,21,turn,0
14,25,31,64,0,60,56,eght,43
21,0,69,75,0,40,76,fccy,0
43,25,62,71,0,40,36,jobs,57
21,25,15,71,0,20,56,twou,29
29,40,77,68,0,40,73,srce,14
56,100,31,18,0,50,59,avhi,57
57,25,38,0,0,50,28,abil,29
21,40,31,11,0,30,47,abax,57
21,25,31,0,0,20,25,aciu,43
7,25,8,0,0,20,39,axas,14
14,25,31,7,0,20,65,abeo,43
57,25,46,71,56,40,45,abmd,57
36,50,62,71,74,60,47,aaon,71
aaon,16.7
flws,14.5
abmd,146.7
avhi,12.7
srce,14.5
jobs,44.5
aaon
-99
abmd
-137
avhi
23
flws
16
jobs
37
srce
-205
9999
21,50,46,50,91,90,43,flws,29
29,25,23,50,0,50,29,pih,0
21,50,23,0,0,20,1,vnet,29
54,50,31,0,0,30,29,cafd,14
36,0,15,7,0,30,21,turn,0
14,25,31,64,0,60,56,eght,43
21,0,69,75,0,40,76,fccy,0
43,25,62,71,0,40,36,jobs,57
21,25,15,71,0,20,56,twou,29
29,40,77,68,0,40,73,srce,14
56,100,31,18,0,50,59,avhi,57
57,25,38,0,0,50,28,abil,29
21,40,31,11,0,30,47,abax,57
21,25,31,0,0,20,25,aciu,43
7,25,8,0,0,20,39,axas,14
14,25,31,7,0,20,65,abeo,43
57,25,46,71,56,40,45,abmd,57
36,50,62,71,74,60,47,aaon,71
aaon,16.7
flws,14.5
abmd,146.7
avhi,12.7
srce,14.5
jobs,44.5
aaon
-99
abmd
-137
avhi
23
flws
16
jobs
37
srce
-205
9999
21,50,46,50,91,90,43,flws,29
29,25,23,50,0,50,29,pih,0
21,50,23,0,0,20,1,vnet,29
54,50,31,0,0,30,29,cafd,14
36,0,15,7,0,30,21,turn,0
14,25,31,64,0,60,56,eght,43
21,0,69,75,0,40,76,fccy,0
43,25,62,71,0,40,36,jobs,57
21,25,15,71,0,20,56,twou,29
29,40,77,68,0,40,73,srce,14
56,100,31,18,0,50,59,avhi,57
57,25,38,0,0,50,28,abil,29
21,40,31,11,0,30,47,abax,57
21,25,31,0,0,20,25,aciu,43
7,25,8,0,0,20,39,axas,14
14,25,31,7,0,20,65,abeo,43
57,25,46,71,56,40,45,abmd,57
36,50,62,71,74,60,47,aaon,71
aaon,16.7
flws,14.5
abmd,146.7
avhi,12.7
srce,14.5
jobs,44.5
aaon
-99
abmd
-137
avhi
23
flws
16
jobs
37
srce
-205
9999
21,50,46,50,91,90,43,flws,29
29,25,23,50,0,50,29,pih,0
21,50,23,0,0,20,1,vnet,29
54,50,31,0,0,30,29,cafd,14
36,0,15,7,0,30,21,turn,0
14,25,31,64,0,60,56,eght,43
21,0,69,75,0,40,76,fccy,0
43,25,62,71,0,40,36,jobs,57
21,25,15,71,0,20,56,twou,29
29,40,77,68,0,40,73,srce,14
56,100,31,18,0,50,59,avhi,57
57,25,38,0,0,50,28,abil,29
21,40,31,11,0,30,47,abax,57
21,25,31,0,0,20,25,aciu,43
7,25,8,0,0,20,39,axas,14
14,25,31,7,0,20,65,abeo,43
57,25,46,71,56,40,45,abmd,57
36,50,62,71,74,60,47,aaon,71
aaon,16.7
flws,14.5
abmd,146.7
avhi,12.7
srce,14.5
jobs,44.5
aaon
-99
abmd
-137
avhi
23
flws
16
jobs
37
srce
-205
9999
21,50,46,50,91,90,43,flws,29
29,25,23,50,0,50,29,pih,0
21,50,23,0,0,20,1,vnet,29
54,50,31,0,0,30,29,cafd,14
36,0,15,7,0,30,21,turn,0
14,25,31,64,0,60,56,eght,43
21,0,69,75,0,40,76,fccy,0
43,25,62,71,0,40,36,jobs,57
21,25,15,71,0,20,56,twou,29
29,40,77,68,0,40,73,srce,14
56,100,31,18,0,50,59,avhi,57
57,25,38,0,0,50,28,abil,29
21,40,31,11,0,30,47,abax,57
21,25,31,0,0,20,25,aciu,43
7,25,8,0,0,20,39,axas,14
14,25,31,7,0,20,65,abeo,43
57,25,46,71,56,40,45,abmd,57
36,50,62,71,74,60,47,aaon,71
aaon,16.7
flws,14.5
abmd,146.7
avhi,12.7
srce,14.5
jobs,44.5
aaon
-99
abmd
-137
avhi
23
flws
16
jobs
37
srce
-205
9999
21,50,46,50,91,90,43,flws,29
29,25,23,50,0,50,29,pih,0
21,50,23,0,0,20,1,vnet,29
54,50,31,0,0,30,29,cafd,14
36,0,15,7,0,30,21,turn,0
14,25,31,64,0,60,56,eght,43
21,0,69,75,0,40,76,fccy,0
43,25,62,71,0,40,36,jobs,57
21,25,15,71,0,20,56,twou,29
29,40,77,68,0,40,73,srce,14
56,100,31,18,0,50,59,avhi,57
57,25,38,0,0,50,28,abil,29
21,40,31,11,0,30,47,abax,57
21,25,31,0,0,20,25,aciu,43
7,25,8,0,0,20,39,axas,14
14,25,31,7,0,20,65,abeo,43
57,25,46,71,56,40,45,abmd,57
36,50,62,71,74,60,47,aaon,71
aaon,16.7
flws,14.5
abmd,146.7
avhi,12.7
srce,14.5
jobs,44.5
aaon
-99
abmd
-137
avhi
23
flws
16
jobs
37
srce
-205
9999
21,50,46,50,91,90,43,flws,29
29,25,23,50,0,50,29,pih,0
21,50,23,0,0,20,1,vnet,29
54,50,31,0,0,30,29,cafd,14
36,0,15,7,0,30,21,turn,0
14,25,31,64,0,60,56,eght,43
21,0,69,75,0,40,76,fccy,0
43,25,62,71,0,40,36,jobs,57
21,25,15,71,0,20,56,twou,29
29,40,77,68,0,40,73,srce,14
56,100,31,18,0,50,59,avhi,57
57,25,38,0,0,50,28,abil,29
21,40,31,11,0,30,47,abax,57
21,25,31,0,0,20,25,aciu,43
7,25,8,0,0,20,39,axas,14
14,25,31,7,0,20,65,abeo,43
57,25,46,71,56,40,45,abmd,57
36,50,62,71,74,60,47,aaon,71
aaon,16.7
flws,14.5
abmd,146.7
avhi,12.7
srce,14.5
jobs,44.5
aaon
-99
abmd
-137
avhi
23
flws
16
jobs
37
srce
-205
9999
21,50,46,50,91,90,43,flws,29
29,25,23,50,0,50,29,pih,0
21,50,23,0,0,20,1,vnet,29
54,50,31,0,0,30,29,cafd,14
36,0,15,7,0,30,21,turn,0
14,25,31,64,0,60,56,eght,43
21,0,69,75,0,40,76,fccy,0
43,25,62,71,0,40,36,jobs,57
21,25,15,71,0,20,56,twou,29
29,40,77,68,0,40,73,srce,14
56,100,31,18,0,50,59,avhi,57
57,25,38,0,0,50,28,abil,29
21,40,31,11,0,30,47,abax,57
21,25,31,0,0,20,25,aciu,43
7,25,8,0,0,20,39,axas,14
14,25,31,7,0,20,65,abeo,43
57,25,46,71,56,40,45,abmd,57
36,50,62,71,74,60,47,aaon,71
aaon,16.7
flws,14.5
abmd,146.7
avhi,12.7
srce,14.5
jobs,44.5
aaon
-99
abmd
-137
avhi
23
flws
16
jobs
37
srce
-205
9999
21,50,46,50,91,90,43,flws,29
29,25,23,50,0,50,29,pih,0
21,50,23,0,0,20,1,vnet,29
54,50,31,0,0,30,29,cafd,14
36,0,15,7,0,30,21,turn,0
14,25,31,64,0,60,56,eght,43
21,0,69,75,0,40,76,fccy,0
43,25,62,71,0,40,36,jobs,57
21,25,15,71,0,20,56,twou,29
29,40,77,68,0,40,73,srce,14
56,100,31,18,0,50,59,avhi,57
57,25,38,0,0,50,28,abil,29
21,40,31,11,0,30,47,abax,57
21,25,31,0,0,20,25,aciu,43
7,25,8,0,0,20,39,axas,14
14,25,31,7,0,20,65,abeo,43
57,25,46,71,56,40,45,abmd,57
36,50,62,71,74,60,47,aaon,71
aaon,16.7
flws,14.5
abmd,146.7
avhi,12.7
srce,14.5
jobs,44.5
aaon
-99
abmd
-137
avhi
23
flws
16
jobs
37
srce
-205
9999
21,50,46,50,91,90,43,flws,29
29,25,23,50,0,50,29,pih,0
21,50,23,0,0,20,1,vnet,29
54,50,31,0,0,30,29,cafd,14
36,0,15,7,0,30,21,turn,0
14,25,31,64,0,60,56,eght,43
21,0,69,75,0,40,76,fccy,0
43,25,62,71,0,40,36,jobs,57
21,25,15,71,0,20,56,twou,29
29,40,77,68,0,40,73,srce,14
56,100,31,18,0,50,59,avhi,57
57,25,38,0,0,50,28,abil,29
21,40,31,11,0,30,47,abax,57
21,25,31,0,0,20,25,aciu,43
7,25,8,0,0,20,39,axas,14
14,25,31,7,0,20,65,abeo,43
57,25,46,71,56,40,45,abmd,57
36,50,62,71,74,60,47,aaon,71
aaon,16.7
flws,14.5
abmd,146.7
avhi,12.7
srce,14.5
jobs,44.5
aaon
-99
abmd
-137
avhi
23
flws
16
jobs
37
srce
-205
9999
21,50,46,50,91,90,43,flws,29
29,25,23,50,0,50,29,pih,0
21,50,23,0,0,20,1,vnet,29
54,50,31,0,0,30,29,cafd,14
36,0,15,7,0,30,21,turn,0
14,25,31,64,0,60,56,eght,43
21,0,69,75,0,40,76,fccy,0
43,25,62,71,0,40,36,jobs,57
21,25,15,71,0,20,56,twou,29
29,40,77,68,0,40,73,srce,14
56,100,31,18,0,50,59,avhi,57
57,25,38,0,0,50,28,abil,29
21,40,31,11,0,30,47,abax,57
21,25,31,0,0,20,25,aciu,43
7,25,8,0,0,20,39,axas,14
14,25,31,7,0,20,65,abeo,43
57,25,46,71,56,40,45,abmd,57
36,50,62,71,74,60,47,aaon,71
9999
21,50,46,50,91,90,43,flws,29
29,25,23,50,0,50,29,pih,0
21,50,23,0,0,20,1,vnet,29
54,50,31,0,0,30,29,cafd,14
36,0,15,7,0,30,21,turn,0
14,25,31,64,0,60,56,eght,43
21,0,69,75,0,40,76,fccy,0
43,25,62,71,0,40,36,jobs,57
21,25,15,71,0,20,56,twou,29
29,40,77,68,0,40,73,srce,14
56,100,31,18,0,50,59,avhi,57
57,25,38,0,0,50,28,abil,29
21,40,31,11,0,30,47,abax,57
21,25,31,0,0,20,25,aciu,43
7,25,8,0,0,20,39,axas,14
14,25,31,7,0,20,65,abeo,43
57,25,46,71,56,40,45,abmd,57
36,50,62,71,74,60,47,aaon,71
9999
21,50,46,50,91,90,43,flws,29
29,25,23,50,0,50,29,pih,0
21,50,23,0,0,20,1,vnet,29
54,50,31,0,0,30,29,cafd,14
36,0,15,7,0,30,21,turn,0
14,25,31,64,0,60,56,eght,43
21,0,69,75,0,40,76,fccy,0
43,25,62,71,0,40,36,jobs,57
21,25,15,71,0,20,56,twou,29
29,40,77,68,0,40,73,srce,14
56,100,31,18,0,50,59,avhi,57
57,25,38,0,0,50,28,abil,29
21,40,31,11,0,30,47,abax,57
21,25,31,0,0,20,25,aciu,43
7,25,8,0,0,20,39,axas,14
14,25,31,7,0,20,65,abeo,43
57,25,46,71,56,40,45,abmd,57
36,50,62,71,74,60,47,aaon,71
9999
21,50,46,50,91,90,43,flws,29
29,25,23,50,0,50,29,pih,0
21,50,23,0,0,20,1,vnet,29
54,50,31,0,0,30,29,cafd,14
36,0,15,7,0,30,21,turn,0
14,25,31,64,0,60,56,eght,43
21,0,69,75,0,40,76,fccy,0
43,25,62,71,0,40,36,jobs,57
21,25,15,71,0,20,56,twou,29
29,40,77,68,0,40,73,srce,14
56,100,31,18,0,50,59,avhi,57
57,25,38,0,0,50,28,abil,29
21,40,31,11,0,30,47,abax,57
21,25,31,0,0,20,25,aciu,43
7,25,8,0,0,20,39,axas,14
14,25,31,7,0,20,65,abeo,43
57,25,46,71,56,40,45,abmd,57
36,50,62,71,74,60,47,aaon,71
9999
21,50,46,50,91,90,43,flws,29
29,25,23,50,0,50,29,pih,0
21,50,23,0,0,20,1,vnet,29
54,50,31,0,0,30,29,cafd,14
36,0,15,7,0,30,21,turn,0
14,25,31,64,0,60,56,eght,43
21,0,69,75,0,40,76,fccy,0
43,25,62,71,0,40,36,jobs,57
21,25,15,71,0,20,56,twou,29
29,40,77,68,0,40,73,srce,14
56,100,31,18,0,50,59,avhi,57
57,25,38,0,0,50,28,abil,29
21,40,31,11,0,30,47,abax,57
21,25,31,0,0,20,25,aciu,43
7,25,8,0,0,20,39,axas,14
14,25,31,7,0,20,65,abeo,43
57,25,46,71,56,40,45,abmd,57
36,50,62,71,74,60,47,aaon,71
9999
21,50,46,50,91,90,43,flws,29
29,25,23,50,0,50,29,pih,0
21,50,23,0,0,20,1,vnet,29
54,50,31,0,0,30,29,cafd,14
36,0,15,7,0,30,21,turn,0
14,25,31,64,0,60,56,eght,43
21,0,69,75,0,40,76,fccy,0
43,25,62,71,0,40,36,jobs,57
21,25,15,71,0,20,56,twou,29
29,40,77,68,0,40,73,srce,14
56,100,31,18,0,50,59,avhi,57
57,25,38,0,0,50,28,abil,29
21,40,31,11,0,30,47,abax,57
21,25,31,0,0,20,25,aciu,43
7,25,8,0,0,20,39,axas,14
14,25,31,7,0,20,65,abeo,43
57,25,46,71,56,40,45,abmd,57
36,50,62,71,74,60,47,aaon,71
9999
21,50,46,50,91,90,43,flws,29
29,25,23,50,0,50,29,pih,0
21,50,23,0,0,20,1,vnet,29
54,50,31,0,0,30,29,cafd,14
36,0,15,7,0,30,21,turn,0
14,25,31,64,0,60,56,eght,43
21,0,69,75,0,40,76,fccy,0
43,25,62,71,0,40,36,jobs,57
21,25,15,71,0,20,56,twou,29
29,40,77,68,0,40,73,srce,14
56,100,31,18,0,50,59,avhi,57
57,25,38,0,0,50,28,abil,29
21,40,31,11,0,30,47,abax,57
21,25,31,0,0,20,25,aciu,43
7,25,8,0,0,20,39,axas,14
14,25,31,7,0,20,65,abeo,43
57,25,46,71,56,40,45,abmd,57
36,50,62,71,74,60,47,aaon,71
9999
21,50,46,50,91,90,43,flws,29
29,25,23,50,0,50,29,pih,0
21,50,23,0,0,20,1,vnet,29
54,50,31,0,0,30,29,cafd,14
36,0,15,7,0,30,21,turn,0
14,25,31,64,0,60,56,eght,43
21,0,69,75,0,40,76,fccy,0
43,25,62,71,0,40,36,jobs,57
21,25,15,71,0,20,56,twou,29
29,40,77,68,0,40,73,srce,14
56,100,31,18,0,50,59,avhi,57
57,25,38,0,0,50,28,abil,29
21,40,31,11,0,30,47,abax,57
21,25,31,0,0,20,25,aciu,43
7,25,8,0,0,20,39,axas,14
14,25,31,7,0,20,65,abeo,43
57,25,46,71,56,40,45,abmd,57
36,50,62,71,74,60,47,aaon,71
9999
21,50,46,50,91,90,43,flws,29
29,25,23,50,0,50,29,pih,0
21,50,23,0,0,20,1,vnet,29
54,50,31,0,0,30,29,cafd,14
36,0,15,7,0,30,21,turn,0
14,25,31,64,0,60,56,eght,43
21,0,69,75,0,40,76,fccy,0
43,25,62,71,0,40,36,jobs,57
21,25,15,71,0,20,56,twou,29
29,40,77,68,0,40,73,srce,14
56,100,31,18,0,50,59,avhi,57
57,25,38,0,0,50,28,abil,29
21,40,31,11,0,30,47,abax,57
21,25,31,0,0,20,25,aciu,43
7,25,8,0,0,20,39,axas,14
14,25,31,7,0,20,65,abeo,43
57,25,46,71,56,40,45,abmd,57
36,50,62,71,74,60,47,aaon,71
9999
21,50,46,50,91,90,43,flws,29
29,25,23,50,0,50,29,pih,0
21,50,23,0,0,20,1,vnet,29
54,50,31,0,0,30,29,cafd,14
36,0,15,7,0,30,21,turn,0
14,25,31,64,0,60,56,eght,43
21,0,69,75,0,40,76,fccy,0
43,25,62,71,0,40,36,jobs,57
21,25,15,71,0,20,56,twou,29
29,40,77,68,0,40,73,srce,14
56,100,31,18,0,50,59,avhi,57
57,25,38,0,0,50,28,abil,29
21,40,31,11,0,30,47,abax,57
21,25,31,0,0,20,25,aciu,43
7,25,8,0,0,20,39,axas,14
14,25,31,7,0,20,65,abeo,43
57,25,46,71,56,40,45,abmd,57
36,50,62,71,74,60,47,aaon,71
9999
21,50,46,50,91,90,43,flws,29
29,25,23,50,0,50,29,pih,0
21,50,23,0,0,20,1,vnet,29
54,50,31,0,0,30,29,cafd,14
36,0,15,7,0,30,21,turn,0
14,25,31,64,0,60,56,eght,43
21,0,69,75,0,40,76,fccy,0
43,25,62,71,0,40,36,jobs,57
21,25,15,71,0,20,56,twou,29
29,40,77,68,0,40,73,srce,14
56,100,31,18,0,50,59,avhi,57
57,25,38,0,0,50,28,abil,29
21,40,31,11,0,30,47,abax,57
21,25,31,0,0,20,25,aciu,43
7,25,8,0,0,20,39,axas,14
14,25,31,7,0,20,65,abeo,43
57,25,46,71,56,40,45,abmd,57
36,50,62,71,74,60,47,aaon,71
9999
21,50,46,50,91,90,43,flws,29
29,25,23,50,0,50,29,pih,0
21,50,23,0,0,20,1,vnet,29
54,50,31,0,0,30,29,cafd,14
36,0,15,7,0,30,21,turn,0
14,25,31,64,0,60,56,eght,43
21,0,69,75,0,40,76,fccy,0
43,25,62,71,0,40,36,jobs,57
21,25,15,71,0,20,56,twou,29
29,40,77,68,0,40,73,srce,14
56,100,31,18,0,50,59,avhi,57
57,25,38,0,0,50,28,abil,29
21,40,31,11,0,30,47,abax,57
21,25,31,0,0,20,25,aciu,43
7,25,8,0,0,20,39,axas,14
14,25,31,7,0,20,65,abeo,43
57,25,46,71,56,40,45,abmd,57
36,50,62,71,74,60,47,aaon,71
9999
21,50,46,50,91,90,43,flws,29
29,25,23,50,0,50,29,pih,0
21,50,23,0,0,20,1,vnet,29
54,50,31,0,0,30,29,cafd,14
36,0,15,7,0,30,21,turn,0
14,25,31,64,0,60,56,eght,43
21,0,69,75,0,40,76,fccy,0
43,25,62,71,0,40,36,jobs,57
21,25,15,71,0,20,56,twou,29
29,40,77,68,0,40,73,srce,14
56,100,31,18,0,50,59,avhi,57
57,25,38,0,0,50,28,abil,29
21,40,31,11,0,30,47,abax,57
21,25,31,0,0,20,25,aciu,43
7,25,8,0,0,20,39,axas,14
14,25,31,7,0,20,65,abeo,43
57,25,46,71,56,40,45,abmd,57
36,50,62,71,74,60,47,aaon,71
aaon,16.7
flws,14.5
abmd,146.7
avhi,12.7
srce,14.5
jobs,44.5
aaon
-99
abmd
-137
avhi
23
flws
16
jobs
37
srce
-205
9999
21,50,46,50,91,90,43,flws,29
29,25,23,50,0,50,29,pih,0
21,50,23,0,0,20,1,vnet,29
54,50,31,0,0,30,29,cafd,14
36,0,15,7,0,30,21,turn,0
14,25,31,64,0,60,56,eght,43
21,0,69,75,0,40,76,fccy,0
43,25,62,71,0,40,36,jobs,57
21,25,15,71,0,20,56,twou,29
29,40,77,68,0,40,73,srce,14
56,100,31,18,0,50,59,avhi,57
57,25,38,0,0,50,28,abil,29
21,40,31,11,0,30,47,abax,57
21,25,31,0,0,20,25,aciu,43
7,25,8,0,0,20,39,axas,14
14,25,31,7,0,20,65,abeo,43
57,25,46,71,56,40,45,abmd,57
36,50,62,71,74,60,47,aaon,71
aaon,16.7
flws,14.5
abmd,146.7
avhi,12.7
srce,14.5
jobs,44.5
aaon
-99
abmd
-137
avhi
23
flws
16
jobs
37
srce
-205
9999
21,50,46,50,91,90,43,flws,29
29,25,23,50,0,50,29,pih,0
21,50,23,0,0,20,1,vnet,29
54,50,31,0,0,30,29,cafd,14
36,0,15,7,0,30,21,turn,0
14,25,31,64,0,60,56,eght,43
21,0,69,75,0,40,76,fccy,0
43,25,62,71,0,40,36,jobs,57
21,25,15,71,0,20,56,twou,29
29,40,77,68,0,40,73,srce,14
56,100,31,18,0,50,59,avhi,57
57,25,38,0,0,50,28,abil,29
21,40,31,11,0,30,47,abax,57
21,25,31,0,0,20,25,aciu,43
7,25,8,0,0,20,39,axas,14
14,25,31,7,0,20,65,abeo,43
57,25,46,71,56,40,45,abmd,57
36,50,62,71,74,60,47,aaon,71
aaon,16.7
flws,14.5
abmd,146.7
avhi,12.7
srce,14.5
jobs,44.5
aaon
-99
abmd
-137
avhi
23
flws
16
jobs
37
srce
-205
